test.txt

3.512098253582926

7.99988528518754

7.998497677069785

7.998745565804529

7.99906083137013

7.99880606271526

7.999261139037982

7.999020826818194

7.999087900022274

7.999184839493847

7.998855774287421

7.998303699115862

7.998780691030729

7.999332643260538

7.999385928109799

7.999167603925707

7.9989336714984125

7.998655621231394

7.998949074957973

7.999397694473088

7.9992216643573055

7.999173609686722

7.998916001726639

7.998112834901103

7.998899398270361

7.9991239137480425

7.999446883264495

7.9992840907382865

7.999422387380325

7.999125571061047

7.999432658775254

7.999196120233809

7.9990751475161685

7.999362857615104

7.999375144512299

7.999328692360116

7.998914168210323

7.999177014375325

7.998877717383565

7.997872456049992

7.999435232184913

7.999273722408274

7.999107583587979

7.998876037355253

7.9994338637270745

7.999387863944391

7.998432284329442

7.999248266217524

7.998592027832432

7.999045940479779

7.997451169335871

7.99938018966674

7.99832690311672

7.998875076599093

7.999440654450071

7.998929183713151

7.997493703373778

7.999439561975988

7.99841576462463

7.998781789390709

7.998865176195862

7.9988828624141055

7.999371980145704

7.999261157842511

7.998720368718895

7.9992747046037955

7.998744159324382

7.997462057003885

7.998952245544202

7.998828509112433

7.999202686621409

7.997375677051488

7.9978466189057125

7.999169317942622

7.998197899074219

7.998499607142693

7.998296495123046

7.999332420387905

7.999263115085519

7.997663293416156

7.999473393544473

7.99887816314776

7.999194268848651

7.998387096107177

7.999149703691894

7.997727915449295

7.999331513565083

7.999422401502179

7.997245235597005

7.9987641342851745

7.999094967485382

7.99921134938091

7.999383431700684

7.999151512361556

7.999426334244122

7.999312942685229

7.998404967009364

7.99801912919842

7.998531629930129

7.999406708935841

7.998105615384634

7.998599499704742

7.99956199850405

7.998048226479522

7.998990064493376

7.998872962569639

7.9993952959467975

7.998307847479666

7.999228994684797

7.9992381532424055

7.997848044799019

7.999256864129174

7.997850159707832

7.9975428515430504

7.9994645113533975

7.99872137862881

7.999174158851207

7.999198375752272

7.999533506329729

7.998978499472109

7.998759332396911

7.999109876146255

7.9991117463842425

7.998807039256562

7.999449467665159

7.99718343895666

7.999421966249922

7.9991972341754956

7.9991341194972065

7.999018463202726

7.998709156785159

7.998867499846418

7.9988169994218

7.999333976668484

7.99883698056894

7.998319850355754

7.999354608969906

7.998965045174971

7.998804340957262

7.998248346582289

7.999211892115607

7.999148213466711

7.998161786507014

7.998242456286835

7.998993260256463

7.9988970831852235

7.999398115885137

7.9985785673277325

7.998327231338138

7.997266873778534

7.99913480734485

7.998519551344274

7.998871071825616

7.999299851613147

7.99926006009469

7.998497677069785

7.998745565804529

7.99906083137013

7.99880606271526

7.999261139037982

7.999020826818194

7.999087900022274

7.999184839493847

7.998855774287421

7.998303699115862

7.998780691030729

7.999332643260538

7.999385928109799

7.999167603925707

7.9989336714984125

7.998655621231394

7.998949074957973

7.999397694473088

7.9992216643573055

7.999173609686722

7.998916001726639

7.998112834901103

7.998899398270361

7.9991239137480425

7.999446883264495

7.9992840907382865

7.999422387380325

7.999125571061047

7.999432658775254

7.999196120233809

7.9990751475161685

7.999362857615104

7.999375144512299

7.999328692360116

7.998914168210323

7.999177014375325

7.998877717383565

7.997872456049992

7.999435232184913

7.999273722408274

7.999107583587979

7.998876037355253

7.9994338637270745

7.999387863944391

7.998432284329442

7.999248266217524

7.998592027832432

7.999045940479779

7.997451169335871

7.99938018966674

7.99832690311672

7.998875076599093

7.999440654450071

7.998929183713151

7.997493703373778

7.999439561975988

7.99841576462463

7.998781789390709

7.998865176195862

7.9988828624141055

7.999371980145704

7.999261157842511

7.998720368718895

7.9992747046037955

7.998744159324382

7.997462057003885

7.998952245544202

7.998828509112433

7.999202686621409

7.997375677051488

7.9978466189057125

7.999169317942622

7.998197899074219

7.998499607142693

7.998296495123046

7.999332420387905

7.999263115085519

7.997663293416156

7.999473393544473

7.99887816314776

7.999194268848651

7.998387096107177

7.999149703691894

7.997727915449295

7.999331513565083

7.999422401502179

7.997245235597005

7.9987641342851745

7.999094967485382

7.99921134938091

7.999383431700684

7.999151512361556

7.999426334244122

7.999312942685229

7.998404967009364

7.99801912919842

7.998531629930129

7.999406708935841

7.998105615384634

7.998599499704742

7.99956199850405

7.998048226479522

7.998990064493376

7.998872962569639

7.9993952959467975

7.998307847479666

7.999228994684797

7.9992381532424055

7.997848044799019

7.999256864129174

7.997850159707832

7.9975428515430504

7.9994645113533975

7.99872137862881

7.999174158851207

7.999198375752272

7.999533506329729

7.998978499472109

7.998759332396911

7.999109876146255

7.9991117463842425

7.998807039256562

7.999449467665159

7.99718343895666

7.999421966249922

7.9991972341754956

7.9991341194972065

7.999018463202726

7.998709156785159

7.998867499846418

7.9988169994218

7.999333976668484

7.99883698056894

7.998319850355754

7.999354608969906

7.998965045174971

7.998804340957262

7.998248346582289

7.999211892115607

7.999148213466711

7.998161786507014

7.998242456286835

7.998993260256463

7.9988970831852235

7.999398115885137

7.9985785673277325

7.998327231338138

7.997266873778534

7.99913480734485

7.998519551344274

7.998871071825616

7.999299851613147

7.99926006009469

7.999743911048143

7.999796475659196

7.999838866378791

7.999476112888728

7.999737541007419

7.999691062033331

7.999757173011008

7.999896508451813

7.999730765802314

7.999748087833503

7.9997618058665765

7.999752983069861

7.999452475617039

7.99967501773391

7.99986310436492

7.99990415670247

7.999657973148881

7.999731120217986

7.999662886165018

7.999179424828894

7.999919134558066

7.999899319954968

7.998745658827894

7.999550673299569

7.999859951511375

7.998500651733997

7.9998084550515935

7.999781352741073

7.999683389432497

7.9997440815788

7.999475814967514

7.999737339090007

7.9997868669114816

7.998938433882065

7.9998762192722594

7.999750923105692

7.999724946831901

7.999905456807273

7.999853825210556

7.999791343044395

7.999836140540587

7.999645208224358

7.999849131312258

7.999838333150058

7.999576119989092

7.999856049373865

7.999386132341333

7.999842891920849

7.999724117198924

7.999745512654085

7.999290542196798

7.999372504714444

7.999836170843834

7.99990655848427

7.998711042581538

7.999306406880378

7.9991909675768635

7.999317193901613

7.999908239121086

7.999048840974494

7.999695519213598

7.999793000774709

7.999502253634207

7.99984260984363

7.999789673720768

7.9998651209912115

7.999088044749088

7.999605341902698

7.9998439129408245

7.999779112625928

7.999761611974936

7.99986555111174

7.999767153534305

7.9997993170594555

7.9997613420242955

7.99975374216869

7.9997713961028785

7.999897409889666

7.998306988190525

7.999392966934165

7.999743835540139

7.999826710397653

7.999768485985188

7.999842184742957

7.9994864077813315

7.999899161745425

7.999902194181541

7.999570128004906

7.999751530692941

7.999380413286858

7.998938029175198

7.9997519943778235

7.999523439332102

7.99988285671978

7.9998065652937065

7.999747728800637

7.9997502843726025

7.999836125254008
